number	code	comp	rich	co2	het	ba	bs	bt	rs	cu	nu	rii	dmax	ryt
58	AHELOH1	3	1	1	2	358.671	775.401	1134.072	2.162	0.074	0.512	0.747		
6	AHELOH2	3	1	1	2	416.348	564.298	980.647	1.355	0.035	0.645	0.897		
99	AHELOH3	3	1	1	2	345.429	669.977	1015.406	1.940	0.037	0.518	0.867		
87	AHELOH4	3	1	1	2	350.649	618.284	968.933	1.763	0.052	0.376	0.757		
18	AHELOL1	2	1	1	2	248.154	371.912	620.066	1.499	0.020	0.345	0.890		
47	AHELOL2	2	1	1	2	236.822	489.941	726.763	2.069	0.063	0.460	0.759		
74	AHELOL3	2	1	1	2	193.023	466.896	659.919	2.419	0.040	0.498	0.851		
100	AHELOL4	2	1	1	2	242.552	811.179	1053.731	3.344	0.063	0.368	0.708		
19	AHELOLH1	6	2	1	2	432.646	415.330	847.976	0.960	0.045	0.483	0.830	0.176	1.226
32	AHELOLH2	6	2	1	2	347.848	540.234	888.083	1.553	0.049	0.701	0.869	-0.054	0.984
101	AHELOLH3	6	2	1	2	328.622	764.451	1093.074	2.326	0.054	0.269	0.666	-0.106	0.951
134	AHELOLH4	6	2	1	2	377.133	754.520	1131.653	2.001	0.039	0.340	0.794	0.025	1.101
33	AHELOLP1	4	2	1	2	205.882	527.757	733.639	2.563	0.051	0.327	0.730	-0.105	0.910
59	AHELOLP2	4	2	1	2	256.684	474.153	730.838	1.847	0.040	0.415	0.824	0.115	1.039
102	AHELOLP3	4	2	1	2	240.896	493.761	734.657	2.050	0.065	0.290	0.634	0.047	1.070
127	AHELOLP4	4	2	1	2	201.171	421.187	622.358	2.094	0.056	0.370	0.737	-0.126	0.880
7	AHELOLPH1	7	3	1	2	449.707	639.419	1089.127	1.422	0.047	0.542	0.840	0.223	1.356
60	AHELOLPH2	7	3	1	2	326.203	571.938	898.141	1.753	0.047	0.255	0.689	-0.113	1.063
75	AHELOLPH3	7	3	1	2	360.581	548.001	908.582	1.520	0.069	0.288	0.613	-0.020	1.139
128	AHELOLPH4	7	3	1	2	311.561	567.354	878.915	1.821	0.054	0.491	0.802	-0.153	0.961
48	AHELOP1	1	1	1	2	241.915	487.522	729.437	2.015	0.024	0.261	0.832		
34	AHELOP2	1	1	1	2	228.610	331.551	560.160	1.450	0.041	0.148	0.566		
129	AHELOP3	1	1	1	2	236.567	345.938	582.506	1.462	0.038	0.200	0.681		
88	AHELOP4	1	1	1	2	162.210	274.892	437.102	1.695	0.027	0.171	0.727		
8	AHELOPH1	5	2	1	2	372.676	541.762	914.439	1.454	0.123	0.239	0.320	0.013	1.037
61	AHELOPH2	5	2	1	2	372.294	594.601	966.896	1.597	0.059	0.365	0.722	0.012	1.047
103	AHELOPH3	5	2	1	2	380.570	633.435	1014.006	1.664	0.034	0.722	0.910	0.035	1.061
89	AHELOPH4	5	2	1	2	376.878	525.974	902.852	1.396	0.055	0.295	0.686	0.025	1.064
27	AHOLOH1	3	1	1	1	315.635	571.556	887.191	1.811	0.054	0.034	-0.227		
63	AHOLOH2	3	1	1	1	333.970	676.725	1010.695	2.026	0.048	0.066	0.158		
108	AHOLOH3	3	1	1	1	190.604	346.830	537.433	1.820	0.037	0.033	-0.057		
80	AHOLOH4	3	1	1	1	311.688	639.801	951.490	2.053	0.050	0.115	0.394		
64	AHOLOL1	2	1	1	1	159.919	464.731	624.650	2.906	0.023	0.038	0.246		
11	AHOLOL2	2	1	1	1	197.352	318.182	515.533	1.612	0.051	0.040	-0.121		
94	AHOLOL3	2	1	1	1	125.923	400.688	526.611	3.182	0.049	0.086	0.274		
109	AHOLOL4	2	1	1	1	157.627	444.360	601.986	2.819	0.050	0.051	0.010		
53	AHOLOLH1	6	2	1	1	373.950	635.727	1009.677	1.700	0.051	0.055	0.038	0.299	1.366
41	AHOLOLH2	6	2	1	1	321.620	468.806	790.425	1.458	0.044	0.059	0.146	0.117	1.166
122	AHOLOLH3	6	2	1	1	385.154	477.973	863.127	1.241	0.056	0.047	-0.087	0.337	1.386
123	AHOLOLH4	6	2	1	1	375.477	544.181	919.659	1.449	0.041	0.031	-0.139	0.304	1.359
54	AHOLOLP1	4	2	1	1	118.920	271.836	390.756	2.286	0.043	0.041	-0.024	-0.258	0.758
65	AHOLOLP2	4	2	1	1	194.805	323.657	518.462	1.661	0.045	0.043	-0.023	0.216	1.230
81	AHOLOLP3	4	2	1	1	131.907	287.369	419.277	2.179	0.051	0.065	0.121	-0.177	0.835
133	AHOLOLP4	4	2	1	1	140.438	342.119	482.557	2.436	0.029	0.037	0.121	-0.123	0.891
12	AHOLOLPH1	7	3	1	1	262.414	442.577	704.991	1.687	0.065	0.037	-0.275	-0.089	1.009
13	AHOLOLPH2	7	3	1	1	373.822	414.820	788.643	1.110	0.072	0.027	-0.455	0.298	1.380
135	AHOLOLPH3	7	3	1	1	298.065	610.008	908.072	2.047	0.034	0.074	0.370	0.035	1.184
82	AHOLOLPH4	7	3	1	1	245.098	586.198	831.296	2.392	0.060	0.053	-0.062	-0.149	0.976
66	AHOLOP1	1	1	1	1	169.340	253.501	422.842	1.497	0.021	0.016	-0.135		
67	AHOLOP2	1	1	1	1	133.817	243.443	377.260	1.819	0.029	0.026	-0.055		
136	AHOLOP3	1	1	1	1	140.820	209.447	350.267	1.487	0.027	0.036	0.143		
95	AHOLOP4	1	1	1	1	164.757	160.810	325.567	0.976	0.032	0.048	0.200		
14	AHOLOPH1	5	2	1	1	336.771	376.751	713.522	1.119	0.034	0.065	0.313	0.169	1.206
68	AHOLOPH2	5	2	1	1	300.738	598.930	899.669	1.992	0.052	0.071	0.154	0.044	1.088
110	AHOLOPH3	5	2	1	1	287.624	524.573	812.198	1.824	0.055	0.052	-0.028	-0.001	1.031
96	AHOLOPH4	5	2	1	1	327.986	455.691	783.677	1.389	0.043	0.036	-0.089	0.139	1.192
151	SHELOH1	3	1	2	2	479.501	668.577	1148.077	1.394	0.043	0.443	0.823		
185	SHELOH2	3	1	2	2	442.959	656.353	1099.312	1.482	0.038	0.203	0.685		
210	SHELOH3	3	1	2	2	397.250	787.751	1185.001	1.983	0.039	0.965	0.922		
252	SHELOH4	3	1	2	2	461.166	675.834	1137.000	1.465	0.047	0.216	0.643		
168	SHELOL1	2	1	2	2	211.485	588.872	800.357	2.784	0.036	0.407	0.837		
186	SHELOL2	2	1	2	2	167.176	443.214	610.390	2.651	0.040	0.478	0.846		
211	SHELOL3	2	1	2	2	384.008	1049.784	1433.792	2.734	0.060	1.173	0.903		
263	SHELOL4	2	1	2	2	199.262	598.803	798.065	3.005	0.053	0.492	0.806		
169	SHELOLH1	6	2	2	2	419.277	510.695	929.972	1.218	0.046	0.567	0.850	-0.058	1.115
170	SHELOLH2	6	2	2	2	438.630	563.280	1001.910	1.284	0.035	0.419	0.846	-0.015	1.120
253	SHELOLH3	6	2	2	2	397.122	550.420	947.543	1.386	0.045	0.494	0.833	-0.108	0.944
222	SHELOLH4	6	2	2	2	424.879	678.126	1103.005	1.596	0.037	0.616	0.887	-0.046	0.996
139	SHELOLP1	4	2	2	2	205.500	389.610	595.111	1.896	0.048	0.162	0.543	-0.263	0.835
196	SHELOLP2	4	2	2	2	243.188	476.190	719.379	1.958	0.036	0.466	0.857	-0.128	0.973
233	SHELOLP3	4	2	2	2	236.185	543.927	780.112	2.303	0.037	0.510	0.865	-0.153	0.961
234	SHELOLP4	4	2	2	2	214.031	439.903	653.934	2.055	0.035	0.299	0.790	-0.233	0.867
152	SHELOLPH1	7	3	2	2	360.963	532.977	893.939	1.477	0.040	0.410	0.822	-0.189	0.920
197	SHELOLPH2	7	3	2	2	380.825	662.210	1043.035	1.739	0.051	0.812	0.882	-0.145	0.970
235	SHELOLPH3	7	3	2	2	378.915	494.143	873.058	1.304	0.042	0.413	0.815	-0.149	0.924
254	SHELOLPH4	7	3	2	2	389.865	572.193	962.058	1.468	0.085	0.370	0.626	-0.124	0.923
171	SHELOP1	1	1	2	2	346.702	497.581	844.283	1.435	0.021	0.145	0.747		
140	SHELOP2	1	1	2	2	252.483	345.938	598.421	1.370	0.046	0.221	0.655		
212	SHELOP3	1	1	2	2	279.093	456.837	735.931	1.637	0.016	0.151	0.808		
236	SHELOP4	1	1	2	2	237.459	353.069	590.527	1.487	0.042	0.161	0.586		
153	SHELOPH1	5	2	2	2	473.389	683.091	1156.481	1.443	0.039	0.444	0.839	0.063	1.078
141	SHELOPH2	5	2	2	2	413.420	756.939	1170.359	1.831	0.042	0.737	0.892	-0.071	0.957
264	SHELOPH3	5	2	2	2	441.304	635.090	1076.394	1.439	0.046	0.364	0.776	-0.009	1.014
237	SHELOPH4	5	2	2	2	312.707	544.181	856.888	1.740	0.048	0.265	0.693	-0.298	0.726
160	SHOLOH1	3	1	2	1	379.297	510.059	889.356	1.345	0.021	0.041	0.323		
146	SHOLOH2	3	1	2	1	416.730	720.652	1137.382	1.729	0.059	0.073	0.106		
242	SHOLOH3	3	1	2	1	357.652	435.192	792.844	1.217	0.040	0.045	0.059		
271	SHOLOH4	3	1	2	1	355.870	673.542	1029.412	1.893	0.049	0.043	-0.065		
147	SHOLOL1	2	1	2	1	147.059	343.519	490.578	2.336	0.029	0.045	0.216		
161	SHOLOL2	2	1	2	1	196.970	484.594	681.564	2.460	0.031	0.043	0.162		
227	SHOLOL3	2	1	2	1	131.780	336.644	468.424	2.555	0.039	0.056	0.179		
243	SHOLOL4	2	1	2	1	127.324	397.886	525.210	3.125	0.044	0.051	0.074		
174	SHOLOLH1	6	2	2	1	344.156	522.536	866.692	1.518	0.033	0.051	0.214	-0.088	1.078
162	SHOLOLH2	6	2	2	1	365.674	592.946	958.620	1.622	0.044	0.038	-0.073	-0.031	1.114
228	SHOLOLH3	6	2	2	1	288.133	527.757	815.890	1.832	0.052	0.041	-0.118	-0.237	0.887
229	SHOLOLH4	6	2	2	1	320.346	566.590	886.937	1.769	0.061	0.048	-0.119	-0.151	0.992
175	SHOLOLP1	4	2	2	1	175.197	385.027	560.224	2.198	0.018	0.018	0.000	0.052	1.101
163	SHOLOLP2	4	2	2	1	144.003	341.737	485.740	2.373	0.048	0.044	-0.043	-0.135	0.946
258	SHOLOLP3	4	2	2	1	82.633	225.490	308.123	2.729	0.045	0.049	0.043	-0.504	0.545
216	SHOLOLP4	4	2	2	1	143.876	278.330	422.205	1.935	0.037	0.042	0.063	-0.136	0.922
190	SHOLOLPH1	7	3	2	1	329.004	375.605	704.609	1.142	0.040	0.048	0.091	-0.128	1.102
148	SHOLOLPH2	7	3	2	1	388.464	679.526	1067.991	1.749	0.037	0.053	0.178	0.029	1.131
230	SHOLOLPH3	7	3	2	1	284.568	407.054	691.622	1.430	0.031	0.048	0.215	-0.246	0.923
244	SHOLOLPH4	7	3	2	1	286.478	365.674	652.152	1.276	0.033	0.032	-0.015	-0.241	0.905
149	SHOLOP1	1	1	2	1	169.977	243.570	413.547	1.433	0.041	0.038	-0.038		
203	SHOLOP2	1	1	2	1	161.701	165.393	327.094	1.023	0.038	0.037	-0.013		
217	SHOLOP3	1	1	2	1	182.837	277.820	460.657	1.519	0.044	0.039	-0.060		
272	SHOLOP4	1	1	2	1	151.642	225.745	377.387	1.489	0.018	0.017	-0.029		
204	SHOLOPH1	5	2	2	1	316.909	741.788	1058.696	2.341	0.052	0.060	0.071	-0.160	0.884
176	SHOLOPH2	5	2	2	1	390.374	749.427	1139.801	1.920	0.050	0.050	0.000	0.034	1.112
231	SHOLOPH3	5	2	2	1	353.196	404.125	757.321	1.144	0.070	0.052	-0.148	-0.064	0.980
245	SHOLOPH4	5	2	2	1	303.540	614.464	918.004	2.024	0.037	0.046	0.108	-0.196	0.855
